2a5a41c78b09d23db8e20338df6440c5 142 2201 1491
3d2ca3af6964448b22c304627c664eda 30 41410 5831
f2020933ac3849bb29825bf1b67fe27f 39 622970 602304
04d4f69d5c3ec128e3d4e14ddb4ca955 12 499 56
5ecf36aff3ca425af2c40822bc020547 19 1314 434
8cd932e20dd9a8c3863da1d0a0e33253 6 3895 2246
5e871c12e95e28fb5503e54e31737874 6 3252 1610
d2fb8db3b53dbc0a3a6048d11caafb04 7 2237 948
91d28887e8612252a8f67a3fc6289cb7 3 3147 1061
140c46794832f4b272c368558982f49c 21 14656 6378
9bbbeb0ad4bfa36aab267051a4806f70 3 6159 150
cad05f7b9d3f831dd9ac88c0faf4da5a 1 45 0
ae3480b1ab630b0780457c1e5208d42f 1 64 0
4ec71d5ee8e0979a5bf8042f07e6ee70 1 494 0
d92482c07b25152e4733aeef5c1d3cce 24 183187 1833
7e8b5d932a041f29be3da54417e3d37c 71 11885 3991
2c63887662f7dd49d396bb0e2b32eb71 81 48893 41255
51345de401dacb5bbce6c9338b76ae46 7 439443 1068
e7280bfc93481418c82190cdf01be3ed 1 2796 0
